77
69 58 38 27 13 35 73 19 15 7 16 23 41 65 26 21 51 8 39 33 66 63 76 46 72 55 45 24 34 37 62 40 2 68 31 50 74 12 61 77 17 5 32 42 54 9 56 59 49 44 18 6 67 20 4 10 52 25 71 57 28 1 47 70 43 11 22 3 64 36 29 30 14 48 75 60 53
69 61
14 68
69 10
53 57
73 30
34 8
41 49
14 10
22 41
25 61
27 1
59 55
28 19
69 29
17 58
38 7
56 48
8 76
12 58
76 27
32 3
50 8
16 5
54 71
6 11
49 31
44 26
44 60
45 77
70 12
37 72
34 17
66 38
74 75
41 36
63 3
62 9
57 64
61 26
52 46
53 7
73 19
31 32
47 21
60 48
46 4
65 50
46 75
28 76
2 11
46 33
43 42
74 61
18 9
64 40
68 35
34 40
62 5
41 15
21 22
21 20
77 66
35 67
29 8
2 42
9 28
56 71
72 17
23 66
31 28
51 58
27 2
63 55
55 13
47 39
41 24
