98
10 55 39 12 17 29 8 83 22 98 44 36 21 18 57 89 41 5 94 3 61 62 30 79 47 34 84 50 70 88 91 37 51 97 68 26 48 46 32 93 45 85 54 87 20 38 95 64 76 14 59 52 15 66 23 19 4 96 49 9 56 72 1 11 25 77 2 16 42 58 40 67 35 75 74 81 90 82 6 31 7 65 13 73 24 69 27 80 71 60 78 63 43 53 92 86 33 28
56 74
11 77
71 72
77 58
25 4
10 86
83 6
69 80
89 75
39 60
68 94
30 93
35 31
14 67
57 47
66 74
11 52
90 27
89 50
24 36
22 27
31 52
51 94
15 53
50 8
12 74
32 85
22 20
47 70
42 84
73 59
96 30
19 10
29 77
34 80
31 80
76 92
59 88
59 46
15 67
94 69
36 54
77 81
37 65
6 80
26 48
23 85
20 13
82 93
62 78
74 14
59 11
3 5
27 73
36 37
94 17
77 28
49 5
44 61
64 62
65 18
86 72
30 60
43 62
63 9
86 55
31 9
8 1
98 47
91 64
69 55
97 82
7 33
94 44
59 98
1 52
42 9
38 62
79 32
87 57
20 45
21 94
88 66
97 35
98 26
92 82
41 42
8 25
98 79
15 2
40 90
5 86
78 35
95 3
63 16
33 69
4 65
