80
78 15 17 34 7 20 47 11 2 31 27 23 14 69 12 3 10 68 70 6 50 41 67 66 52 37 51 13 32 44 36 55 79 46 71 8 43 77 40 60 53 30 59 74 22 1 25 61 73 18 76 9 39 24 56 19 63 64 4 38 54 57 80 48 26 72 21 5 75 29 28 58 35 33 42 45 49 16 62 65
69 48
55 52
41 8
80 61
12 70
72 78
27 76
71 18
76 80
75 66
77 79
70 36
33 42
13 11
30 47
77 44
51 66
20 23
49 57
15 10
48 39
26 65
67 73
21 61
33 8
50 1
11 14
38 28
23 24
1 48
15 22
45 9
16 50
25 10
5 41
14 78
59 63
8 64
11 40
54 56
29 31
36 53
21 6
69 18
9 56
3 1
55 72
76 29
68 4
21 37
65 16
54 68
49 8
46 18
20 42
17 30
60 47
62 59
43 62
52 16
61 36
66 9
22 32
3 5
26 35
34 14
60 31
37 64
77 35
72 59
38 1
2 52
15 44
74 3
45 19
19 74
43 58
7 71
67 6
